1 フシギダネ 1 0.7 6.9 2 9
2 フシギソウ 1 1 13 2 9
3 フシギバナ 1 2 100 2 9
4 ヒトカゲ 2 0.6 8.5 3 -1
5 リザード 2 1.1 19 3 -1
6 リザードン 2 1.7 90.5 3 6
7 ゼニガメ 3 0.5 9 4 -1
8 カメール 3 1 22.5 4 -1
9 カメックス 3 1.6 85.5 4 -1
10 キャタピー 1 0.3 2.9 7 -1
11 トランセル 1 0.7 9.9 7 -1
12 バタフリー 8 1.1 32 7 6
13 ビードル 7 0.3 3.2 7 9
14 コクーン 4 0.6 10 7 9
15 スピアー 4 1 29.5 7 9
16 ポッポ 7 0.3 1.8 1 6
17 ピジョン 7 1.1 30 1 6
18 ピジョット 7 1.5 39.5 1 6
19 コラッタ 5 0.3 3.5 1 -1
20 ラッタ 7 0.7 18.5 1 -1
21 オニスズメ 7 0.3 2 1 6
22 オニドリル 7 1.2 38 1 6
23 アーボ 5 2 6.9 9 -1
24 アーボック 5 3.5 65 9 -1
25 ピカチュウ 4 0.4 6 5 -1
26 ライチュウ 4 0.8 30 5 -1
27 サンド 4 0.6 12 13 -1
28 サンドパン 4 1 29.5 13 -1
29 ニドラン♀ 3 0.4 7 9 -1
30 ニドリーナ 3 0.8 20 9 -1
31 ニドクイン 3 1.3 60 9 13
32 ニドラン♂ 5 0.5 9 9 -1
33 ニドリーノ 5 0.9 19.5 9 -1
34 ニドキング 5 1.4 62 9 13
35 ピッピ 6 0.6 7.5 18 -1
36 ピクシー 6 1.3 40 18 -1
37 ロコン 7 0.6 9.9 3 -1
38 キュウコン 4 1.1 19.9 3 -1
39 プリン 6 0.5 5.5 1 18
40 プクリン 6 1 12 1 18
41 ズバット 5 0.8 7.5 9 6
42 コルバット 5 1.6 55 9 6
43 ナゾノクサ 3 0.5 5.4 2 9
44 クサイハナ 3 0.8 8.6 2 9
45 ラフレシア 2 1.2 18.6 2 9
46 パラス 2 0.3 5.4 7 2
47 パラセクト 2 1 29.5 7 2
48 コンパン 5 1 30 7 9
49 モルフォン 5 1.5 12.5 7 9
50 ディグダ 7 0.2 0.8 13 -1
51 ダグトリオ 7 0.7 33.3 13 -1
52 ニャース 4 0.4 4.2 1 -1
53 ペルシアン 4 1 32 1 -1
54 コダック 4 0.8 19.6 4 -1
55 ゴルダック 3 1.7 76.6 4 -1
56 マンキー 7 0.5 28 8 -1
57 オコリザル 7 1 32 8 -1
58 ガーディ 7 0.7 19 3 -1
59 ウインディ 7 1.9 155 3 -1
60 ニョロモ 3 0.6 12.4 4 -1
61 ニョロゾ 3 1 20 4 -1
62 ニョロボン 3 1.3 54 4 8
63 ケーシィ 7 0.9 19.5 10 -1
64 ユンゲラー 7 1.3 56.5 10 -1
65 フーディン 7 1.5 48 10 -1
66 ワンリキー 10 0.8 19.5 8 -1
67 ゴーリキー 10 1.5 70.5 8 -1
68 カイリキー 10 1.6 130 8 -1
69 マダツボミ 1 0.7 4 2 9
70 ウツドン 1 1 6.4 2 9
71 ウツボット 1 1.7 15.5 2 9
72 メノクラゲ 3 0.9 45.5 4 9
73 ドククラゲ 3 1.6 55 4 9
74 イシツブテ 7 0.4 20 12 13
75 ゴローン 7 1 105 12 13
76 ゴローニャ 7 1.4 300 12 13
77 ポニータ 4 1.0 30 3 -1
78 ギャロップ 4 1.7 95 3 -1
79 ヤドン 6 1.2 36 4 10
80 ヤドラン 6 1.6 78.5 4 10
81 コイル 10 0.3 6.0 5 16
82 レアコイル 10 1.0 60 5 16
83 カモネギ 7 0.8 15 1 6
84 ドードー 7 1.4 39.2 1 6
85 ドードリオ 7 1.4 39.2 1 6
86 パウワウ 8 1.1 90 4 -1
87 ジュゴン 8 1.7 120 4 14
88 ベトベター 5 0.9 30 9 -1
89 ベトベトン 5 1.2 30 9 -1
90 シェルダー 5 0.3 4 4 -1
91 パルシェン 5 1.5 132.5 4 14
92 ゴース 5 1.3 0.1 9 11
93 ゴースト 5 1.6 0.1 9 11
94 ゲンガー 5 1.5 40.5 9 11
95 イワーク 10 8.8 210 12 13
96 スリープ 4 1.0 32.4 10 -1
97 スリーパー 4 1.6 75.6 10 -1
98 クラブ 2 0.4 6.5 4 -1
99 キングラー 2 1.3 60 4 -1
100 ビリリダマ 2 0.5 10.4 5 -1
101 マルマイン 2 1.2 66.6 5 -1
102 タマタマ 6 0.4 2.5 2 10
103 ナッシー 4 2.0 120 2 10
104 カラカラ 7 0.4 6.5 13 -1
105 ガラガラ 7 1.0 45 13 -1
106 サワムラー 7 1.5 49.8 8 -1
107 エビワラー 7 1.4 50.2 8 -1
108 ベロリンガ 6 1.2 65.5 1 -1
109 ドガース 5 0.6 1.0 9 -1
110 マタドガス 5 1.2 9.5 9 -1
111 サイホーン 10 1.0 115 12 13
112 サイドン 10 1.9 120 12 13
113 ラッキー 6 1.1 34.6 1 -1
114 モンジャラ 3 1.0 35 2 -1
115 ガルーラ 7 2.2 80 1 -1
116 タッツー 3 0.4 8 4 -1
117 シードラ  3 1.2 25 4 -1
118 トサキント 2 0.6 15 4 -1
119 アズマオウ 2 1.3 39 4 -1
120 ヒトデマン 7 0.8 34.5 4 -1
121 スターミー 5 1.1 80 4 10
122 バリヤード 6 1.3 54.5 10 18
123 ストライク 1 1.5 56 6 7 
124 ルージュラ 2 1.4 40.6 10 14
125 エレブー 4 1.1 30 5 -1
126 ブーバー 2 1.3 44.5 3 -1
127 カイロス 7 1.5 55 7 -1
128 ケンタロス 7 1.4 88.4 1 -1
129 コイキング 2 0.9 10 4 -1
130 ギャラドス 3 6.5 235 4 6
131 ラプラス 3 2.5 220 4 14
132 メタモン 5 0.3 4.0 1 -1
133 イーブイ 7 0.3 6.5 1 -1
134 シャワーズ 3 1.0 29 4 -1
135 サンダース 4 0.8 24.5 5 -1
136 ブースター 2 0.9 25 3 -1
137 ポリゴン 6 0.8 36.5 1 -1
138 オムナイト 3 0.4 7.5 4 12
139 オムスター 3 1.0 35 4 12
140 カブト 7 0.5 11.5 4 12
141 カブトプス 7 1.3 40.5 4 12
142 プテラ 5 1.8 59 6 12
143 カビゴン 9 2.1 460 1 -1
144 フリーザー 3 1.7 55.4 6 14
145 サンダー 4 1.6 52.6 5 6
146 ファイヤー 4 2.0 60 3 6
147 ミニリュウ 3 1.8 3.3 15 -1
148 ハクリュウ 3 4.0 16.5 15 -1
149 カイリュー 7 2.2 210 6 15
150 ミュウツー 5 2.0 122 10 -1
151 ミュウ 6 0.4 4 10 -1
152 チコリータ 1 0.9 6.4 2 -1
153 ベイリーフ 1 1.2 15.8 2 -1
154 メガニウム 1 1.8 100.5 2 -1
155 ヒノアラシ 4 0.5 7.9 3 -1
156 マグマラシ 4 0.9 19 3 -1
157 バクフーン 4 1.7 79.5 3 -1
158 ワニノコ 3 0.6 9.5 4 -1
159 アリゲイツ 3 1.1 25 4 -1
160 オーダイル 3 2.3 88.8 4 -1
161 オタチ 7 0.8 6 1 -1
162 オオタチ 7 1.8 32.5 1 -1
163 ホーホー 7 0.7 21.2 1 6
164 ヨルノズク 7 1.6 40.8 1 -1
165 レディバ 2 1.0 10.8 6 7
166 レディアン 2 1.4 35.6 6 7
167 イトマル 1 0.5 8.5 7 9
168 アリアドス 2 1.1 33.5 7 9
169 クロバット 5 1.8 75 6 9
170 チョンチー 3 0.5 12 4 5
171 ランターン 3 1.2 22.5 4 5
172 ピチュー 4 0.3 2 5 -1
173 ピィ 6 0.3 3 18 -1
174 ププリン 6 0.3 1 1 18
175 トゲピー 8 0.3 1.5 18 -1
176 トゲチック 8 0.6 3.2 6 18
177 ネイティ 1 0.2 2 6 10
178 ネイティオ 1 1.5 15 6 10
179 メリープ 8 0.6 7.8 5 -1
180 モココ 6 0.8 13.3 5 -1
181 デンリュウ 4 1.4 61.5 5 -1
182 キレイハナ 1 0.4 5.8 2 -1
183 マリル 3 0.4 8.5 4 18
184 マリルリ 3 0.8 28.5 4 18
185 ウソッキー 7 1.2 38 12 -1
186 ニョロトノ 1 1.1 33.9 4 -1
187 ハネッコ 6 0.4 0.5 2 6
188 ポポッコ 1 0.6 1.0 2 6
189 ワタッコ 3 0.8 3.0 2 6
190 エイパム 5 0.8 11.5 1 -1
191 ヒマナッツ 4 0.3 1.8 2 -1
192 キマワリ 4 0.8 8.5 2 -1 
193 ヤンヤンマ 2 1.2 38 6 7
194 ウパー 3 0.4 8.5 4 13
195 ヌオー 3 1.4 75 4 13
196 エーフィ 5 0.9 26.5 10 -1
197 ブラッキー 9 1 27 17 -1
198 ヤミカラス 9 0.5 2.1 6 17
199 ヤドキング 6 2 79.5 4 10
200 ムウマ 10 0.7 1.0 11 -1
201 アンノーン 9 0.5 5 10 -1
202 ソーナンス 3 1.3 28.5 10 -1
203 キリンリキ 4 1.5 41.5 1 10
204 クヌギダマ 10 0.6 7.2 7 -1
205 フォレトス 7 1.2 125.8 7 16
206 ノコッチ 4 1.5 14 1 -1
207 グライガー 5 1.1 64.8 6 13
208 ハガネール 10 9.2 400 13 16
209 ブルー 6 0.6 7.8 18 -1
210 グランブル 5 1.4 48.7 18 -1
211 ハリーセン 10 0.5 3.9 4 9
212 ハッサム 2 1.8 118 7 16
213 ツボツボ 4 0.6 20.5 7 12
214 ヘラクロス 3 1.5 54 7 8
215 ニューラ 9 0.9 28 14 17
216 ヒメグマ 7 0.6 8.8 1 -1
217 リングマ 7 1.8 125.8 1 -1
218 マグマッグ 2 0.7 35 3 -1
219 マグカルゴ 2 0.8 55 3 12
220 ウリムー 7 0.4 6.5 13 14
221 イノムー 7 1.1 55.8 13 14
222 サニーゴ 6 0.6 5 4 12
223 テッポウオ 10 0.6 12 4 -1
224 オクタン 2 0.9 28.5 4 -1
225 デリバード 2 0.9 16 6 14
226 マンタイン 5 2.1 220 4 6
227 エアームド 10 1.7 50.5 6 16
228 デルビル 9 0.6 10.8 3 17
229 ヘルガー 9 1.4 35 3 17
230 キングドラ 3 1.8 152 4 15
231 ゴマゾウ 3 0.5 33.5 13 -1
232 ドンファン 10 1.1 120 13 -1
233 ポリゴン２ 2 0.6 32.5 1 -1
234 オドシシ 7 1.4 71.2 1 -1
235 ドーブル 8 1.2 58 1 -1
236 バルキー 5 0.7 21 8 -1
237 カポエラー 7 1.4 48 8 -1
238 ムチュール 6 0.4 6 10 14
239 エレキッド 4 0.6 23.5 5 -1
240 ブビィ 2 0.7 21.4 3 -1
241 ミルタンク 6 1.2 75.5 1 -1
242 ハピナス 6 1.5 46.8 1 -1
243 ライコウ 4 1.9 178 5 -1
244 エンティ 7 2.1 198 3 -1
245 スイクン 3 2.0 187 4 -1
246 ヨーギラス 1 0.6 72 12 13
247 サナギラス 10 1.2 152 12 13
248 バンギラス 1 2 202 12 17
249 ルギア 8 5.2 216 6 10
250 ホウオウ 2 3.8 199 3 6
251 セレビィ 1 0.6 5 2 10
252 キモリ 1 0.5 5 2 -1
253 ジュプトル 1 0.9 21.6 2 -1
254 ジュカイン 1 1.7 52.2 2 -1
255 アチャモ 2 0.4 2.5 3 -1
256 ワカシャモ 2 0.9 19.5 3 8
257 バシャーモ 2 1.9 52 3 8
258 ミズゴロウ 3 0.4 7.6 4 -1
259 ヌマクロー 3 0.7 28 4 13
260 ラグラージ 3 1.5 81.9 4 13
261 ポチエナ 10 0.5 13.6 17 -1
262 グラエナ 10 1 37 17 -1
263 ジグザグマ 7 0.4 17.5 1 -1
264 マッスグマ 8 0.5 32.5 1 -1
265 ケムッソ 2 0.3 3.6 7 -1
266 カラサリス 8 0.6 10 7 -1
267 アゲハント 4 1 28.4 6 7
268 マユルド 5 0.7 11.5 7 -1
269 ドクケイル 5 1.2 31.6 7 9
270 ハスボー 1 0.5 2.6 2 4
271 ハスブレロ 1 1.2 32.5 2 4
272 ルンパッパ 1 1.5 55 2 4
273 タネボー 7 0.5 4 2 -1
274 コノハナ  7 1 28 2 -1
275 ダーテング 7 1.3 59.6 2 -1
276 スバメ 3 0.3 2.3 1 6
277 オオスバメ 3 0.7 19.8 1 6
278 キャモメ 8 0.6 9.5 4 6
279 ペリッパー 8 1.2 28 4 6
280 ラルトス 8 0.4 6.6 10 18
281 キルリア 8 0.8 20.2 10 18
282 サーナイト 8 1.6 48.4 10 18
283 アメタマ 2 0.5 1.7 4 7
284 アメモース 2 0.8 3.6 6 7
285 キノココ 7 0.4 4.5 2 -1
286 キノガッサ 1 1.2 39.2 2 8
287 ナマケロ 7 0.8 24 1 -1
288 ヤルキモノ 8 1.4 46.5 1 -1
289 ケッキング 7 2 130.5 1 -1
290 ツチニン 10 0.5 5.5 7 13
291 テッカニン 4 0.8 12 6 7
292 ヌケニン 7 0.8 1.2 7 11
293 ゴニョニョ 6 0.6 16.3 1 -1
294 ドゴーム 2 1 40.5 1 -1
295 バクオング 2 1.5 84 1 -1
296 マクノシタ 4 1 86.4 8 -1
297 ハリテヤマ 7 2.3 253.8 8 -1
298 ルリリ 2 0.2 2 1 18
299 ノズパス 10 1 97 12 -1
300 エネコ 6 0.6 11 1 -1
301 エネコロロ 5 1.1 32.6 1 -1
302 ヤミラミ 5 0.5 11 11 17
303 クチート 9 0.6 11.5 16 18
304 ココドラ 10 0.4 60 12 16
305 コドラ 10 0.9 120 12 16
306 ボスゴドラ 10 2.1 360 12 16
307 アサナン 3 0.6 11.2 8 10
308 チャーレム 2 1.3 31.5 8 10
309 ラクライ 1 0.6 15.2 5 -1
310 ライボルト 4 1.5 40.2 5 -1
311 プラスル 4 0.4 4.2 5 -1
312 マイナン 4 0.4 4.2 5 -1
313 バルビート 10 0.7 17.7 7 -1
314 イルミーゼ 5 0.6 17.7 7 -1
315 ロゼリア 1 0.3 2 2 9
316 ゴクリン 1 0.4 10.3 9 -1
317 マルノーム 5 1.7 80 9 -1
318 キバニア 2 0.8 20.8 4 17
319 サメハダー 3 1.8 88.8 4 17
320 ホエルコ 3 2 130 4 -1
321 ホエルオー 3 14.5 398 4 -1
322 ドンメル 4 0.7 24 3 13
323 バクーダ 2 1.9 220 3 13
324 コータス 7 0.5 80.4 3 -1
325 バネブー 9 0.7 30.6 10 -1
326 ブーピッグ 5 0.9 71.5 10 -1
327 パッチール 7 1.1 5 1 -1
328 ナックラー 7 0.7 15 13 -1
329 ビブラーバ 1 1.1 15.3 13 15
330 フライゴン 1 2 82 13 15
331 サボネア 1 0.4 51.3 2 -1
332 ノクタス 1 1.3 77.4 2 17
333 チルット 3 0.4 1.2 1 6
334 チルタリス 2 1.1 20.6 6 15
335 ザングース 8 1.3 40.3 1 -1 
336 ハブネーク 9 2.7 52.5 9 -1
337 ルナトーン 4 1 168 10 12
338 ソルロック 2 1.2 154 10 12
339 ドジョッチ 10 0.4 1.9 4 13
340 ナマズン 3 0.9 23.6 4 13
341 ヘイガニ 2 0.6 11.5 4 -1
342 シザリガー 2 1.1 32.8 4 17
343 ヤジロン 7 0.5 21.5 10 13
344 ネンドール 9 1.5 1.8 10 13
345 リリーラ 5 1 23.8 2 12
346 ユレイドル 1 1.5 60.4 2 12
347 アノプス 10 0.7 12.5 7 12
348 アーマルド 10 1.5 68.2 7 12
349 ヒンバス 7 0.6 7.4 4 -1
350 ミロカロス 6 6.2 162 4 -1
351 ポワルン 10 0.3 0.8 1 -1
352 カクレオン 1 1.0 22 1 -1
353 カゲボウズ 9 0.6 2.3 11 -1
354 ジュペッタ 9 1.1 12.5 11 -1
355 ヨマワル 9 0.8 15 11 -1
356 サマヨール 9 1.6 30.6 11 -1
357 トロピウス 1 2 100 2 6
358 チリーン 3 0.6 1 10 -1
359 アブソル 8 1.2 47 17 -1
360 ソーナノ 3 0.6 14 17 -1
361 ユキワラシ 10 0.7 16.8 14 -1
362 オニゴーリ 10 1.5 256.5 14 -1
363 タマザラシ 3 0.8 39.5 4 14
364 トドグラー 3 1.1 87.6 4 14
365 トドゼルガ 3 1.4 150.6 4 14
366 パールル 3 0.4 52.5 4 -1
367 ハンテール 3 1.7 27 4 -1
368 サクラビス 6 1.8 22.6 4 -1
369 ジーランス 10 1 23.4 4 12
370 ラブカス 6 0.6 8.7 4 -1
371 タツベイ 3 20.6 42.1 15 -1
372 コモルー 8 1.1 110.5 15 -1
373 ボーマンダ 4 1.5 102.6 15 -1
374 ダンバル 3 0.6 95.2 10 16
375 メタング 3 1.2 202.5 10 16
376 メタグロス 3 1.6 550 10 16
377 レジロック 7 1.7 230 12 -1
378 レジアイス 3 1.8 175 14 -1
379 レジスチル 10 1.9 205 16 -1
380 ラティアス 2 1.4 40 10 15
381 ラティオス 3 2 60 10 15
382 カイオーガ 3 4.5 352 4 -1
383 グラードン 2 3.5 950 13 -1
384 レックウザ 1 7 206.5 6 15
385 ジラーチ 4 0.3 1.1 10 16
386 デオキシス 2 1.7 60.8 10 -1
387 ナエトル 1 0.4 10.2 2 -1
388 ハヤシガメ 1 1.1 97 2 -1
389 ドダイトス 1 2.2 310 2 13
390 ヒコザル 7 0.5 6.2 3 -1
391 モウカザル 7 0.9 22 3 8
392 ゴウカザル 7 1.2 55 3 8
393 ポッチャマ 3 0.4 5.2 4 -1
394 ポッタイシ 3 0.8 23 4 -1
395 エンペルト 3 1.7 84.5 4 16
396 ムックル 7 0.3 2 1 6
397 ムクバード 7 0.6 15.5 1 6
398 ムクホーク 7 1.2 24.9 1 6
399 ビッパ 7 0.5 20 1 -1
400 ビーダル 7 1 31.5 1 4
401 コロボーシ 2 0.3 2.2 7 -1
402 コロトック 2 1 25.5 7 -1
403 コリンク 3 0.5 9.5 5 -1
404 ルクシオ 3 0.9 30.5 5 -1
405 レントラー 3 1.4 42 5 -1
406 スボミー 1 0.2 1.2 2 9
407 ロズレイド 1 0.9 14.5 2 9
408 ズガイドス 3 0.9 31.5 12 -1
409 ラムパルド 3 1.6 102.5 12 -1
410 タテトプス 10 0.5 57 12 16
411 トリデプス 10 1.3 149.5 12 16
412 ミノムッチ 10 0.2 3.4 7 -1
413 ミノマダム 10 0.5 6.5 7 -1
414 ガーメイル 4 0.9 23.3 7 6
415 ミツハニー 4 0.3 5.5 7 6
416 ビークイン 4 1.2 38.5 7 6
417 パチリス 8 0.4 3.9 5 -1
418 ブイゼル 7 0.7 29.5 4 -1
419 フローゼル 7 1.1 33.5 4 -1
420 チェリンボ 6 0.4 3.3 2 -1
421 チェリム 6 0.5 9.3 2 -1
422 カラナクシ 5 0.3 6.3 4 -1
423 トリトドン 5 0.9 29.9 4 13
424 エテボース 5 1.2 20.3 1 -1
425 フワンテ 5 0.4 1.2 11 6
426 フワライド 5 1.2 15 11 6
427 ミミロル 7 0.4 5.5 1 -1
428 ミミロップ 7 1.2 33.3 1 -1
429 ムウマージ 5 0.9 4.4 11 -1
430 ドンカラス 9 0.9 27.3 17 6
431 ニャルマー 10 0.5 3.9 1 -1
432 ブニャット 10 1 43.8 1 -1
433 リーシャン 4 0.2 0.6 10 -1
434 スカンプー 5 0.4 19.2 9 17
435 スカタンク 5 1 38 9 17
436 ドーミラー 1 0.5 60.5 16 10
437 ドータクン 1 1.3 187 16 10
438 ウソハチ 7 0.5 15 12 -1
439 マネネ 6 0.6 13 10 18
440 ピンプク 6 0.6 24.4 1 -1
441 ペラップ 9 0.5 1.9 1 6
442 ミカルゲ 5 1 108 11 17
443 フカマル 3 0.7 20.5 15 13
444 ガバイト 3 1.4 56 15 13
445 ガブリアス 3 1.9 95 15 13
446 ゴンベ 9 0.6 105 1 -1
447 リオル 3 0.7 20.2 8 -1
448 ルカリオ 3 1.2 54 8 16
449 ヒポポタス 7 0.8 49.5 13 -1
450 カバルドン 7 2 300 13 -1
451 スコルピ 5 0.8 12 9 7
452 ドラピオン 5 1.3 61.5 9 17
453 グレッグル 3 0.7 23 9 8
454 ドクロッグ 3 1.3 44.4 9 8
455 マスキッパ 1 1.4 27 2 -1
456 ケイコウオ 3 0.4 7 4 -1
457 ネオラント 3 1.2 24 4 -1
458 タマンタ 3 1 65 4 6
459 ユキカブリ 8 1 50.5 2 14
460 ユキノオー 8 2.2 135.5 2 14
461 マニューラ 9 1.1 34 17 14
462 ジバコイル 10 1.2 180 5 16
463 ベロベルト 6 1.7 140 1 -1
464 ドサイドン 10 2.4 282.8 13 12
465 モジャンボ 3 2 128.6 2 -1
466 エレキブル 4 1.8 138.6 5 -1
467 ブーバーン 2 1.6 68 3 -1
468 トゲキッス 8 1.5 38 18 6
469 メガヤンマ 1 1.9 51.5 7 6
470 リーフィア 1 1 25.5 2 -1
471 グレイシア 3 0.8 25.9 14 -1
472 グライオン 5 2 42.5 13 6
473 マンムー 7 2.5 291 14 13
474 ポリゴンZ 2 0.9 34 1 -1
475 エルレイド 8 1.6 52 10 8
476 ダイノーズ 10 1.4 340 12 16
477 ヨノワール 9 2.2 106.6 11 -1
478 ユキメノコ 8 1.3 26.6 14 11
479 ロトム 2 0.3 0.3 5 -1
480 ユクシー 4 0.3 0.3 10 -1
481 エムリット 6 0.3 0.3 10 -1
482 アグノム 3 0.3 0.3 10 -1
483 ディアルガ 8 5.4 683 16 15
484 パルキア 5 4.2 336 4 15
485 ヒードラン 7 1.7 430 3 16
486 レジギガス 8 3.7 420 1 -1
487 ギラティナ 9 4.5 750 11 15
488 クレセリア 4 1.5 85.6 10 -1
489 フィオネ 3 0.4 3.1 4 -1
490 マナフィ 3 0.3 1.4 4 -1
491 ダークライ 9 1.5 50.5 17 -1
492 シェイミ 1 0.2 2.1 2 -1
493 アルセウス 10 3.2 320 1 -1
494 ビクティニ 4 0.4 4 10 3
495 ツタージャ 1 0.6 8.1 2 -1
496 ジャノビー 1 0.8 16 2 -1
497 ジャローダ 1 3.3 63 2 -1
498 ポカブ  2 0.5 9.9 3 -1
499 チャオブー 2 1 55.5 3 8
500 エンブオー 2 1.6 150 3 8
501 ミジュマル 3 0.5 5.9 4 -1
502 フタチマル 3 0.8 24.5 4 -1
503 ダイケンキ 3 1.5 94.6 4 -1
504 ミネズミ 7 0.5 11.6 1 -1
505 ミルホッグ 7 1.1 27 1 -1
506 ヨーテリー 7 0.4 4.1 1 -1
507 ハーデリア 10 0.9 14.7 1 -1
508 ムーランド 10 1.2 61 1 -1
509 チョロネコ 5 0.4 10.1 17 -1
510 レパルダス 5 1.1 37.5 17 -1
511 ヤナップ 1 0.6 10.5 2 -1
512 ヤナッキー 1 1.1 30.5 2 -1
513 バオップ 2 0.6 11 3 -1
514 バオッキー 2 1 28 3 -1
515 ヒヤップ 3 0.6 13.5 4 -1
516 ヒヤッキー 3 1 29 4 -1
517 ムンナ 6 0.6 23.3 10 -1
518 ムシャーナ 6 1.1 60.5 10 -1
519 マメパト 10 0.3 2.1 1 6
520 ハトーボー 10 0.6 15 1 6
521 ケンホロウ 10 1.2 29 1 6
522 シママ 9 0.8 29.8 5 -1
523 ゼブライカ 9 1.6 79.5 5 -1
524 ダンゴロ 3 0.4 18 12 -1
525 ガントル 3 0.9 102 12 -1
526 ギガイアス 3 1.7 260 12 -1
527 コロモリ 3 0.4 2.1 10 6
528 ココロモリ 3 0.9 10.5 10 6
529 モグリュー 10 0.3 8.5 13 -1
530 ドリュウズ 10 0.7 40.4 13 16
531 タブンネ 6 1.1 31 1 -1
532 ドッコラー 10 0.6 12.5 8 -1
533 ドテッコツ 10 1.2 40 8 -1
534 ローブシン 7 1.4 87 8 -1
535 オタマロ 3 0.5 4.5 4 -1
536 ガマガル 3 0.8 17 4 13
537 ガマゲロゲ 3 1.5 62 4 13
538 ナゲキ 2 1.3 55.5 8 -1
539 ダゲキ 3 1.4 51 8 -1
540 クルミル 4 0.3 2.5 7 2
541 クルマユ 4 0.5 7.3 7 2
542 ハハコモリ 4 1.2 20.5 7 2
543 フシデ 2 0.4 5.3 7 9
544 ホイーガ 10 1.2 58.5 7 9
545 ペンドラー 2 2.5 200.5 7 9
546 モンメン 1 0.3 0.6 2 18
547 エルフーン 1 0.7 6.6 2 18
548 チュリネ 1 0.5 6.6 2 -1
549 ドレディア 1 1.1 16.3 2 -1
550 バスラオ 1 1 18 4 -1
551 メグロコ 7 0.7 15.2 13 17
552 ワルビル 7 1 33.4 13 17
553 ワルビアル 2 1.5 96.3 13 17
554 ダルマッカ 2 0.6 37.5 3 -1
555 ヒヒダルマ 2 1.3 92.9 3 -1
556 マラカッチ 1 1 28 2 -1
557 イシズマイ 2 0.3 14.5 7 12
558 イワパレス 2 1.4 200 7 12
559 ズルッグ 4 0.6 11.8 17 8
560 ズルズキン 2 1.1 30 17 8
561 シンボラー 9 1.4 14 10 6
562 デスマス 9 0.5 1.5 11 -1
563 デスカーン 4 1.7 76.5 11 -1
564 プロトーガ 3 0.7 16.5 4 12
565 アバゴーラ 3 1.2 81 4 12
566 アーケン 4 0.5 9.5 12 6
567 アーケオス 4 1.4 32 12 6
568 ヤブクロン 1 0.6 31 9 -1
569 ダストダス 1 1.9 107.3 9 -1
570 ゾロア 10 0.7 12.5 17 -1
571 ゾロアーク 10 1.6 81.1 17 -1
572 チラーミィ 10 0.4 5.8 1 -1
573 チラチーノ 10 0.5 7.5 1 -1
574 ゴチム 5 0.4 5.8 10 -1
575 ゴチミル 5 0.7 18 10 -1
576 ゴチルゼル 5 1.5 44 10 -1
577 ユニラン 1 0.3 1 10 -1
578 ダブラン 1 0.6 8 10 -1
579 ランクルス 1 1 20.1 10 -1
580 コアルヒー 3 0.5 5.5 4 6
581 スワンナ 8 1.3 24.2 4 6
582 バニプッチ 8 0.4 5.7 14 -1
583 バニリッチ 8 1.1 41 14 -1
584 バイバニラ 8 1.3 57.5 14 -1
585 シキジカ 4 0.6 19.5 1 2
586 メブキジカ 7 1.9 92.5 1 2
587 エモンガ 8 0.4 5 5 6
588 カブルモ 3 0.5 5.9 7 -1
589 シュバルゴ 10 1 33 7 16
590 タマゲタケ 8 0.2 1 2 9
591 モロバレル 8 0.6 10.5 2 9
592 プルリル 8 1.2 33 4 11
593 ブルンゲル 8 2.2 135 4 11
594 ママンボウ 6 1.2 31.6 4 -1
595 バチュル 4 0.1 0.6 7 5
596 デンチュラ 4 0.8 14.3 7 5
597 テッシード 10 0.6 18.8 2 16
598 ナットレイ 10 1 110 2 16
599 ギアル 10 0.3 21 16 -1
600 ギギアル 10 0.6 51 16 -1
601 ギギギアル 10 0.6 81 16 -1
602 シビシラス 8 0.2 0.3 5 -1
603 シビビール 3 1.2 22 5 -1
604 シビルドン 3 2.1 80.5 5 -1
605 リグレー 3 0.5 9 10 -1
606 オーベム 7 1 34.5 10 -1
607 ヒトモシ 8 0.3 3.1 11 3
608 ランプラー 9 0.6 13 11 3
609 シャンデラ 9 1 34.3 11 3
610 キバゴ 1 0.6 18 15 -1
611 オノンド 1 1 36 15 -1
612 オノノクス 4 1.8 105.5 15 -1
613 クマシュン 8 0.5 8.5 14 -1
614 ツンベアー 8 2.6 260 14 -1
615 フリージオ 3 1.1 148 14 -1
616 チョボマキ 2 0.4 7.7 7 -1
617 アギルダー 2 0.8 25.3 7 -1
618 マッギョ 7 0.7 11 13 5
619 コジョフー 4 0.9 20 8 -1
620 コジョンド 5 1.4 35.5 8 -1
621 クリムガン 2 1.6 139 15 -1
622 ゴビット 1 1 92 13 11
623 ゴルーグ 1 2.8 330 13 11
624 コマタナ 2 0.5 10.2 17 16
625 キリキザン 2 1.6 70 17 16
626 バッフロン 7 1.6 94.6 1 -1
627 ワシボン 8 0.5 10.5 1 6
628 ウォーグル 2 1.5 41 1 6
629 バルチャイ 7 0.5 9 17 6
630 バルジーナ 7 1.2 39.5 17 6
631 クイタラン 2 1.4 58 3 -1
632 アイアント 10 0.3 33 7 16
633 モノズ 3 0.8 17.3 17 15
634 ジヘッド 3 1.4 50 17 15
635 サザンドラ 3 1.8 160 17 15
636 メラルバ 8 1.1 28.8 7 3
637 ウルガモス 8 1.6 46 7 3
638 コバルオン 3 2.1 250 16 8
639 テラキオン 10 1.9 260 12 8
640 ビリジオン 1 2 200 2 8
641 トルネロス 1 1.5 63 6 -1
642 ボルトロス 3 1.5 61 5 6
643 レシラム 8 3.2 330 15 3
644 ゼクロム 9 2.9 345 15 5
645 ランドロス 7 1.5 68 13 6
646 キュレム 10 3 325 15 14
647 ケルディオ 4 1.4 48.5 4 8
648 メロエッタ 8 0.6 6.5 1 -1
649 ゲノセクト 5 1.5 82.5 7 16
650 ハリマロン 1 0.4 9 2 -1
651 ハリボーグ 1 0.7 29 2 -1
652 ブリガロン 1 1.6 90 2 8
653 フォッコ 2 0.4 9.4 3 -1
654 テールナー 2 1 14.5 3 -1
655 マフォクシー 2 1.5 39 3 10
656 ケロマツ 3 0.3 7 4 -1
657 ゲコガシラ 3 0.6 10.9 4 -1
658 ゲッコウガ 3 1.5 40 4 17
659 ホルビー 7 0.4 5 1 -1
660 ホルード 7 1 42.4 1 13
661 ヤヤコマ 2 0.3 1.7 1 6
662 ヒノヤコマ 2 0.7 16 3 6
663 ファイアロー 2 1.2 24.5 3 6
664 コフキムシ 9 0.3 2.5 7 -1
665 コフーライ 9 0.3 8.4 7 -1
666 ビビヨン 9 1.2 17 7 6
667 シシコ 7 0.6 13.5 3 1
668 カエンジシ 7 1.5 81.5 3 1
669 フラベベ 8 0.1 0.1 18 -1
670 フラエッテ 8 0.2 0.9 18 -1
671 フラージェス 8 1.1 10 18 -1
672 メェークル 7 0.9 31 2 -1
673 ゴーゴート 7 1.7 91 2 -1
674 ヤンチャム 8 0.6 8 8 -1
675 ゴロンダ 8 2.1 136 8 17
676 トリミアン 8 1.2 28 1 -1
677 ニャスパー 10 0.3 3.5 10 -1
678 ニャオニクス 8 0.6 8.5 10 -1
679 ヒトツキ 7 0.8 2 16 11
680 ニダンギル 7 0.8 4.5 16 11
681 ギルガルド 7 1.7 53 16 11
682 シュシュプ 6 0.2 0.5 18 -1
683 フレフワン 6 0.8 15.5 18 -1
684 ペロッパフ 8 0.4 3.5 18 -1
685 ペロリーム 8 0.8 5 18 -1
686 マーイーカ 3 0.4 3.5 17 10
687 カラマネロ 3 1.5 47 17 10
688 カメテテ 7 0.5 31 12 4
689 ガメノデス 7 1.3 96 12 4
690 クズモー 7 0.5 7.3 9 4
691 ドラミドロ 7 1.8 81.5 9 15
692 ウデッポウ 3 0.5 8.3 4 -1
693 ブロスター 3 1.3 35.3 4 -1
694 エリキテル 4 0.5 6 5 1
695 エレザード 4 1 21 5 1
696 チゴラス 7 0.8 26 12 15
697 ガチゴラス 2 2.5 270 12 15
698 アマルス 3 1.3 25.2 12 14
699 アマルルガ 3 2.7 225 12 14
700 ニンフィア 6 1 23.5 18 -1
701 ルチャブル 1 0.8 21.5 8 6
702 デデンネ 4 0.2 2.2 5 18
703 メレシー 10 0.3 5.7 12 18
704 ヌメラ 5 0.3 2.8 15 -1
705 ヌメイル 5 0.8 17.5 15 -1
706 ヌメルゴン 5 2 150.5 15 -1
707 クレッフィ 10 0.2 3 16 18
708 ボクレー 7 0.4 7 11 2
709 オーロット 7 1.5 71 11 2
710 バケッチャ 7 0.4 5 11 2
711 パンプジン 7 0.9 12.5 11 2
712 カチコール 3 1 99.5 14 -1
713 クレベース 3 2 505 14 -1
714 オンバット 5 0.5 8 6 15
715 オンバーン 5 1.5 85 6 15
716 ゼルネアス 3 3 215 18 -1
717 イベルタル 2 5.8 203 17 6
718 ジガルデ 1 5 305 15 13
719 ディアンシー 6 0.7 8.8 12 18
720 フーパ 5 0.5 9 10 -1
721 ボルケニオン 2 1.7 195 3 4
722 モクロー 7 0.3 1.5 2 6
723 フクスロー 7 0.7 16 2 6
724 ジュナイパー 7 1.6 36.6 2 11
725 ニャビー 2 0.4 4.3 3 -1
726 ニャヒート 2 0.7 25 3 -1
727 ガオガエン 2 1.8 83 3 17
728 アシマリ 3 0.4 7.5 4 -1
729 オシャマリ 3 0.6 17.5 4 -1
730 アシレーヌ 3 1.8 44 4 18
731 ツツケラ 9 0.3 1.2 1 6
732 ケララッパ 9 0.6 14.8 1 6
733 ドデカバシ 9 1.1 26 1 6
734 ヤングース 7 0.4 6 1 -1
735 デカグース 7 0.7 14.2 1 -1
736 アゴジムシ 10 0.4 4.4 7 -1
737 デンジムシ 1 0.5 10.5 5 7
738 クワガノン 3 1.5 45 5 7
739 マケンカニ 5 0.6 7 8 -1
740 ケケンカニ 8 1.7 180 8 14
741 オドリドリ(めらめら) 2 0.6 3.4 3 6
742 アブリー 4 0.1 0.2 7 18
743 アブリボン 4 0.2 0.5 7 18
744 イワンコ 7 0.5 9.2 12 -1
745 ルガルガン 7 0.8 25 12 -1
746 ヨワシ 3 0.2 0.3 4 -1
747 ヒドイデ 3 0.4 8.0 4 9
748 ドヒドイデ 3 0.7 14.5 4 9
749 ドロバンコ 7 1 110 13 -1
750 バンバドロ 7 2.5 920 13 -1
751 シズクモ 1 0.3 4 4 7
752 オニシズクモ 1 1.8 82 4 7
753 カリキリ 6 0.3 1.5 2 -1
754 ラランテス 6 0.9 18.5 2 -1
755 ネマシュ 5 0.2 1.5 2 18
756 マシェード 5 1 11.5 2 18
757 ヤトウモリ 9 0.6 4.8 3 9
758 エンニュート 9 1.2 22.2 3 9
759 ヌイコグマ 6 0.5 6.8 1 8
760 キテルグマ 6 2.1 135 1 8
761 アマカジ 5 0.3 3.2 2 -1
762 アママイコ 5 0.7 8.2 2 -1
763 アマージョ 5 1.2 21.4 2 -1
764 キュワワー 1 0.1 0.3 18 -1
765 ヤレユータン 8 1.5 76 1 10
766 ナゲツケザル 8 2.0 82.8 8 -1
767 コソクムシ 10 0.5 12 4 7
768 グソクムシャ 10 2 108 4 7
769 スナバァ 7 0.5 70 11 13
770 シロデスナ 7 1.3 250 11 13
771 ナマコブシ 9 0.3 1.2 4 -1
772 タイプ:ヌル 10 1.9 120.5 1 -1
773 シルヴァディ 10 2.3 100.5 1 -1
774 メテノ 7 0.3 40 6 12
775 ネッコアラ 3 0.4 19.9 1 -1
776 バクガメス 2 2.0 212 3 15
777 トゲデマル 10 0.3 3.3 5 16
778 ミミッキュ 4 0.2 0.7 11 18
779 ハギギシリ 6 0.9 19 4 10
780 ジジーロン 8 3.0 185 1 15
781 ダダリン 1 3.9 210 2 11
782 ジャラコ 10 0.6 29.7 8 15
783 ジャランゴ 10 1.2 47 8 15
784 ジャラランガ 10 1.6 78.2 8 15
785 カプ・コケコ 4 1.8 20.5 5 18
786 カプ・テテフ 6 1.2 18.6 10 18
787 カプ・ブルル 2 1.9 45.5 2 18
788 カプ・レヒレ 5 1.3 21.2 4 18
789 コスモッグ 3 0.2 0.1 10 -1
790 コスモウム 3 0.1 999.9 10 -1
791 ソルガレオ 8 3.4 230 10 16
792 ルナアーラ 5 4 120 10 11
793 ウツロイド 8 1.2 55.5 9 12
794 マッシブーン 2 2.4 333.6 7 8
795 フェローチェ 8 1.8 25 7 8
796 デンジュモク 9 3.8 100 7 8
797 テッカグヤ 1 9.2 999.9 6 16
798 カミツルギ 8 0.3 0.1 2 16
799 アクジキング 9 5.5 888 15 17
800 ネクロズマ 9 2.4 230 10 -1
801 マギアナ 10 1 80.5 16 18
802 マーシャドー 10 0.7 22.2 8 15
803 ベベノム 5 0.6 1.8 9 -1
804 アーゴヨン 5 3.6 150 9 15
805 ツンデツンデ 10 5.5 820 12 16
806 ズガドーン 8 1.8 13 3 11
807 ゼラオラ 4 1.5 44.5 5 -1
808 メルタン 10 0.2 8 16 -1
809 メルメタル 10 2.5 800 16 -1
810 サルノリ 1 0.3 5 2 -1
811 バチンキー 1 0.7 14 2 -1
812 ゴリランダー 1 2.1 90 2 -1
813 ヒバニー 8 0.3 4.5 3 -1
814 ラビフット 10 0.6 9 3 -1
815 エースバーン 8 1.4 33 3 -1
816 メッソン 3 0.3 4 4 -1
817 ジメレオン 3 0.7 11.5 4 -1
818 インテレオン 3 1.9 45.2 4 -1
819 ホシガリス 7 0.3 2.5 1 -1
820 ヨクバリス 7 0.6 6.0 1 -1
821 ココガラ 3 0.2 1.8 6 -1
822 アオガラス 3 0.8 16 6 -1
823 アーマーガア 5 2.2 75 6 16
824 サッチムシ 3 0.4 8.0 7 -1
825 レドームシ 4 0.4 19.5 7 10
826 イオルブ 2 0.4 40.8 7 10
827 クスネ 7 0.6 8.9 17 -1
828 フォクスライ 7 1.2 19.9 17 -1
829 ヒメンカ 1 0.4 2.2 2 -1
830 ワタシラガ 1 0.5 2.5 2 -1
831 ウールー 8 0.6 6 1 -1
832 バイウールー 8 1.3 43 1 -1
833 カムカメ 1 0.3 8.5 4 -1
834 カジリガメ 1 1 115.5 4 12
835 ワンパチ 4 0.3 13.5 5 -1
836 パルスワン 4 1 34 5 -1
837 タンドン 9 0.3 12 12 -1
838 トロッゴン 9 1.1 78 3 12
839 セキタンザン 9 2.8 310.5 3 12
840 カジッチュ 1 0.2 0.5 2 15
841 アップリュー 1 0.3 1 2 15
842 タルップル 1 0.4 13 2 15
843 スナヘビ 1 2.2 7.6 13 -1
844 サダイジャ 1 3.8 65.5 13 -1
845 ウッウ 3 0.8 18 4 6
846 サシカマス 7 0.5 1 4 -1
847 カマスジョー 7 1.3 30 4 -1
848 エレズン 5 0.4 11 5 9
849 ストリンダー 5  1.6 40 5 9
850 ヤクデ 2 0.7 1 3 7
851 マルヤクデ 2 3 120 5 9
852 タタッコ 7 0.6 4 8 -1
853 オトスパス 3 1.6 39 8 -1
854 ヤバチャ 5 0.1 0.2 11 -1
855 ポットデス 5 0.2 0.4 11 -1
856 ミブリム 6 0.4 3.4 10 -1
857 テブリム 6 0.6 4.8 10 -1
858 ブリムオン 6 2.1 5.1 10 18
859 ベロバー 6 0.4 5.5 17 18
860 ギモー 6 0.8 12.5 17 18
861 オーロンゲ 5 1.5 61 17 18
862 タチフサグマ 10 1.6 46 1 17
863 ニャイキング 7 0.8 28 16 -1
864 サニゴーン 8 1 0.4 11 -1
865 ネギガナイト 8 0.8 117 8 -1
866 バリコオル 5 1.5 58.2 10 14
867 デスバーン 10 1.6 66.6 11 13
868 マホミル 8 0.2 0.3 18 -1
869 マホイップ 8 0.3 0.5 18 -1
870 タイレーツ 4 3.0 62 8 -1
871 バチンウニ 5 0.3 1 5 -1
872 ユキハミ 8 0.3 3.8 7 14
873 モウノウ 8 1.3 42 7 14
874 イシヘンジン 10 2.5 520 12 -1
875 コオリッポ 3 1.4 89 14 -1
876 イエッサン 5 0.9 28 1 10
877 モルペコ 4 0.3 3 5 17
878 ゾウドウ 4 1.2 100 16 -1
879 ダイオウドウ 1 3 650 16 -1
880 パッチラゴン 1 1.8 190 5 15
881 パッチルドン 3 2.3 150 5 14
882 ウオノラゴン 1 2.3 215 4 15
883 ウオチルドン 3 2 175 4 14
884 ジュラルドン 8 1.8 40 15 16
885 ドラメシア 1 0.5 2 11 15
886 ドロンチ 1 1.4 11 11 15
887 ドラパルト 1 3 50 11 15
888 ザシアン 3 2.8 355 16 18
889 ザマゼンタ 2 2.9 785 8 16
890 ムゲンダイナ 5 20 950 9 15
891 ダクマ 10 0.6 12 8 -1
892 ウーラオス 10 1.9 105 8 17
