1 フシギダネ 1 0.7 6.9 2 9
2 フシギソウ 1 1 13 2 9
3 フシギバナ 1 2 100 2 9
4 ヒトカゲ 2 0.6 8.5 3 -1
5 リザード 2 1.1 19 3 -1
6 リザードン 2 1.7 90.5 3 6
7 ゼニガメ 3 0.5 9 4 -1
8 カメール 3 1 22.5 4 -1
9 カメックス 3 1.6 85.5 4 -1
10 キャタピー 1 0.3 2.9 7 -1
11 トランセル 1 0.7 9.9 7 -1
12 バタフリー 8 1.1 32 7 6
13 ビードル 7 0.3 3.2 7 9
14 コクーン 4 0.6 10 7 9
15 スピアー 4 1 29.5 7 9
16 ポッポ 7 0.3 1.8 1 6
17 ピジョン 7 1.1 30 1 6
18 ピジョット 7 1.5 39.5 1 6
19 コラッタ 5 0.3 3.5 1 -1
20 ラッタ 7 0.7 18.5 1 -1
21 オニスズメ 7 0.3 2 1 6
22 オニドリル 7 1.2 38 1 6
23 アーボ 5 2 6.9 9 -1
24 アーボック 5 3.5 65 9 -1
25 ピカチュウ 4 0.4 6 5 -1
26 ライチュウ 4 0.8 30 5 -1
27 サンド 4 0.6 12 13 -1
28 サンドパン 4 1 29.5 13 -1
29 ニドラン♀ 3 0.4 7 9 -1
30 ニドリーナ 3 0.8 20 9 -1
31 ニドクイン 3 1.3 60 9 13
32 ニドラン♂ 5 0.5 9 9 -1
33 ニドリーノ 5 0.9 19.5 9 -1
34 ニドキング 5 1.4 62 9 13
35 ピッピ 6 0.6 7.5 18 -1
36 ピクシー 6 1.3 40 18 -1
37 ロコン 7 0.6 9.9 3 -1
38 キュウコン 4 1.1 19.9 3 -1
39 プリン 6 0.5 5.5 1 18
40 プクリン 6 1 12 1 18
41 ズバット 5 0.8 7.5 9 6
42 コルバット 5 1.6 55 9 6
43 ナゾノクサ 3 0.5 5.4 2 9
44 クサイハナ 3 0.8 8.6 2 9
45 ラフレシア 2 1.2 18.6 2 9
46 パラス 2 0.3 5.4 7 2
47 パラセクト 2 1 29.5 7 2
48 コンパン 5 1 30 7 9
49 モルフォン 5 1.5 12.5 7 9
50 ディグダ 7 0.2 0.8 13 -1
51 ダグトリオ 7 0.7 33.3 13 -1
52 ニャース 4 0.4 4.2 1 -1
53 ペルシアン 4 1 32 1 -1
54 コダック 4 0.8 19.6 4 -1
55 ゴルダック 3 1.7 76.6 4 -1
56 マンキー 7 0.5 28 8 -1
57 オコリザル 7 1 32 8 -1
58 ガーディ 7 0.7 19 3 -1
59 ウインディ 7 1.9 155 3 -1
60 ニョロモ 3 0.6 12.4 4 -1
61 ニョロゾ 3 1 20 4 -1
62 ニョロボン 3 1.3 54 4 8
63 ケーシィ 7 0.9 19.5 10 -1
64 ユンゲラー 7 1.3 56.5 10 -1
65 フーディン 7 1.5 48 10 -1
66 ワンリキー 10 0.8 19.5 8 -1
67 ゴーリキー 10 1.5 70.5 8 -1
68 カイリキー 10 1.6 130 8 -1
69 マダツボミ 1 0.7 4 2 9
70 ウツドン 1 1 6.4 2 9
71 ウツボット 1 1.7 15.5 2 9
72 メノクラゲ 3 0.9 45.5 4 9
73 ドククラゲ 3 1.6 55 4 9
74 イシツブテ 7 0.4 20 12 13
75 ゴローン 7 1 105 12 13
76 ゴローニャ 7 1.4 300 12 13
77 ポニータ 4 1.0 30 3 -1
78 ギャロップ 4 1.7 95 3 -1
79 ヤドン 6 1.2 36 4 10
80 ヤドラン 6 1.6 78.5 4 10
81 コイル 10 0.3 6.0 5 16
82 レアコイル 10 1.0 60 5 16
83 カモネギ 7 0.8 15 1 6
84 ドードー 7 1.4 39.2 1 6
85 ドードリオ 7 1.4 39.2 1 6
86 パウワウ 8 1.1 90 4 -1
87 ジュゴン 8 1.7 120 4 14
88 ベトベター 5 0.9 30 9 -1
89 ベトベトン 5 1.2 30 9 -1
90 シェルダー 5 0.3 4 4 -1
91 パルシェン 5 1.5 132.5 4 14
92 ゴース 5 1.3 0.1 9 11
93 ゴースト 5 1.6 0.1 9 11
94 ゲンガー 5 1.5 40.5 9 11
95 イワーク 10 8.8 210 12 13
96 スリープ 4 1.0 32.4 10 -1
97 スリーパー 4 1.6 75.6 10 -1
98 クラブ 2 0.4 6.5 4 -1
99 キングラー 2 1.3 60 4 -1
100 ビリリダマ 2 0.5 10.4 5 -1
101 マルマイン 2 1.2 66.6 5 -1
102 タマタマ 6 0.4 2.5 2 10
103 ナッシー 4 2.0 120 2 10
104 カラカラ 7 0.4 6.5 13 -1
105 ガラガラ 7 1.0 45 13 -1
106 サワムラー 7 1.5 49.8 8 -1
107 エビワラー 7 1.4 50.2 8 -1
108 ベロリンガ 6 1.2 65.5 1 -1
109 ドガース 5 0.6 1.0 9 -1
110 マタドガス 5 1.2 9.5 9 -1
111 サイホーン 10 1.0 115 12 13
112 サイドン 10 1.9 120 12 13
113 ラッキー 6 1.1 34.6 1 -1
114 モンジャラ 3 1.0 35 2 -1
115 ガルーラ 7 2.2 80 1 -1
116 タッツー 3 0.4 8 4 -1
117 シードラ  3 1.2 25 4 -1
118 トサキント 2 0.6 15 4 -1
119 アズマオウ 2 1.3 39 4 -1
120 ヒトデマン 7 0.8 34.5 4 -1
121 スターミー 5 1.1 80 4 10
122 バリヤード 6 1.3 54.5 10 18
123 ストライク 1 1.5 56 6 7 
124 ルージュラ 2 1.4 40.6 10 14
125 エレブー 4 1.1 30 5 -1
126 ブーバー 2 1.3 44.5 3 -1
127 カイロス 7 1.5 55 7 -1
128 ケンタロス 7 1.4 88.4 1 -1
129 コイキング 2 0.9 10 4 -1
130 ギャラドス 3 6.5 235 4 6
131 ラプラス 3 2.5 220 4 14
132 メタモン 5 0.3 4.0 1 -1
133 イーブイ 7 0.3 6.5 1 -1
134 シャワーズ 3 1.0 29 4 -1
135 サンダース 4 0.8 24.5 5 -1
136 ブースター 2 0.9 25 3 -1
137 ポリゴン 6 0.8 36.5 1 -1
138 オムナイト 3 0.4 7.5 4 12
139 オムスター 3 1.0 35 4 12
140 カブト 7 0.5 11.5 4 12
141 カブトプス 7 1.3 40.5 4 12
142 プテラ 5 1.8 59 6 12
143 カビゴン 9 2.1 460 1 -1
144 フリーザー 3 1.7 55.4 6 14
145 サンダー 4 1.6 52.6 5 6
146 ファイヤー 4 2.0 60 3 6
147 ミニリュウ 3 1.8 3.3 15 -1
148 ハクリュウ 3 4.0 16.5 15 -1
149 カイリュー 7 2.2 210 6 15
150 ミュウツー 5 2.0 122 10 -1
151 ミュウ 6 0.4 4 10 -1
152 チコリータ 1 0.9 6.4 2 -1
153 ベイリーフ 1 1.2 15.8 2 -1
154 メガニウム 1 1.8 100.5 2 -1
155 ヒノアラシ 4 0.5 7.9 3 -1
156 マグマラシ 4 0.9 19 3 -1
157 バクフーン 4 1.7 79.5 3 -1
158 ワニノコ 3 0.6 9.5 4 -1
159 アリゲイツ 3 1.1 25 4 -1
160 オーダイル 3 2.3 88.8 4 -1
161 オタチ 7 0.8 6 1 -1
162 オオタチ 7 1.8 32.5 1 -1
163 ホーホー 7 0.7 21.2 1 6
164 ヨルノズク 7 1.6 40.8 1 -1
165 レディバ 2 1.0 10.8 6 7
166 レディアン 2 1.4 35.6 6 7
167 イトマル 1 0.5 8.5 7 9
168 アリアドス 2 1.1 33.5 7 9
169 クロバット 5 1.8 75 6 9
170 チョンチー 3 0.5 12 4 5
171 ランターン 3 1.2 22.5 4 5
172 ピチュー 4 0.3 2 5 -1
173 ピィ 6 0.3 3 18 -1
174 ププリン 6 0.3 1 1 18
175 トゲピー 8 0.3 1.5 18 -1
176 トゲチック 8 0.6 3.2 6 18
177 ネイティ 1 0.2 2 6 10
178 ネイティオ 1 1.5 15 6 10
179 メリープ 8 0.6 7.8 5 -1
180 モココ 6 0.8 13.3 5 -1
181 デンリュウ 4 1.4 61.5 5 -1
182 キレイハナ 1 0.4 5.8 2 -1
183 マリル 3 0.4 8.5 4 18
184 マリルリ 3 0.8 28.5 4 18
185 ウソッキー 7 1.2 38 12 -1
186 ニョロトノ 1 1.1 33.9 4 -1
187 ハネッコ 6 0.4 0.5 2 6
188 ポポッコ 1 0.6 1.0 2 6
189 ワタッコ 3 0.8 3.0 2 6
190 エイパム 5 0.8 11.5 1 -1
191 ヒマナッツ 4 0.3 1.8 2 -1
192 キマワリ 4 0.8 8.5 2 -1 
193 ヤンヤンマ 2 1.2 38 6 7
194 ウパー 3 0.4 8.5 4 13
195 ヌオー 3 1.4 75 4 13
196 エーフィ 5 0.9 26.5 10 -1
197 ブラッキー 9 1 27 17 -1
198 ヤミカラス 9 0.5 2.1 6 17
199 ヤドキング 6 2 79.5 4 10
200 ムウマ 10 0.7 1.0 11 -1
201 アンノーン 9 0.5 5 10 -1
202 ソーナンス 3 1.3 28.5 10 -1
203 キリンリキ 4 1.5 41.5 1 10
204 クヌギダマ 10 0.6 7.2 7 -1
205 フォレトス 7 1.2 125.8 7 16
206 ノコッチ 4 1.5 14 1 -1
207 グライガー 5 1.1 64.8 6 13
208 ハガネール 10 9.2 400 13 16
209 ブルー 6 0.6 7.8 18 -1
210 グランブル 5 1.4 48.7 18 -1
211 ハリーセン 10 0.5 3.9 4 9
212 ハッサム 2 1.8 118 7 16
213 ツボツボ 4 0.6 20.5 7 12
214 ヘラクロス 3 1.5 54 7 8
215 ニューラ 9 0.9 28 14 17
216 ヒメグマ 7 0.6 8.8 1 -1
217 リングマ 7 1.8 125.8 1 -1
218 マグマッグ 2 0.7 35 3 -1
219 マグカルゴ 2 0.8 55 3 12
220 ウリムー 7 0.4 6.5 13 14
221 イノムー 7 1.1 55.8 13 14
222 サニーゴ 6 0.6 5 4 12
223 テッポウオ 10 0.6 12 4 -1
224 オクタン 2 0.9 28.5 4 -1
225 デリバード 2 0.9 16 6 14
226 マンタイン 5 2.1 220 4 6
227 エアームド 10 1.7 50.5 6 16
228 デルビル 9 0.6 10.8 3 17
229 ヘルガー 9 1.4 35 3 17
230 キングドラ 3 1.8 152 4 15
231 ゴマゾウ 3 0.5 33.5 13 -1
232 ドンファン 10 1.1 120 13 -1
233 ポリゴン２ 2 0.6 32.5 1 -1
234 オドシシ 7 1.4 71.2 1 -1
235 ドーブル 8 1.2 58 1 -1
236 バルキー 5 0.7 21 8 -1
237 カポエラー 7 1.4 48 8 -1
238 ムチュール 6 0.4 6 10 14
239 エレキッド 4 0.6 23.5 5 -1
240 ブビィ 2 0.7 21.4 3 -1
241 ミルタンク 6 1.2 75.5 1 -1
242 ハピナス 6 1.5 46.8 1 -1
243 ライコウ 4 1.9 178 5 -1
244 エンティ 7 2.1 198 3 -1
245 スイクン 3 2.0 187 4 -1
246 ヨーギラス 1 0.6 72 12 13
247 サナギラス 10 1.2 152 12 13
248 バンギラス 1 2 202 12 17
249 ルギア 8 5.2 216 6 10
250 ホウオウ 2 3.8 199 3 6
251 セレビィ 1 0.6 5 2 10 
